$ 1 1e-7 0.48711659992454737 40 5 50 5e-11
R 224 -32 224 -64 0 0 40 16 0 0 0.5
g 176 320 176 336 0 0
l 400 128 448 128 2 0.00082 0.1653860066827535 0
w 592 128 640 128 0
209 448 128 448 320 2 0.000009999999999999999 6.842389638465453 0.001 1
w 400 320 448 320 0
w 592 320 640 320 0
p 704 128 704 320 1 0 0
w 640 128 704 128 0
w 640 320 704 320 0
r 640 128 640 320 0 100
t 192 256 224 256 0 1 0.5915978498111323 0.6263404082637679 100 default
w 224 240 224 208 0
w 256 224 256 240 0
d 256 240 224 240 2 default
f 288 192 288 128 41 4 0.9500000000000001
r 224 208 224 128 0 10000
w 256 192 256 128 0
r 288 240 288 192 0 100
w 288 240 256 240 0
w 272 128 256 128 0
w 256 128 224 128 0
w 304 128 400 128 0
w 400 320 224 320 0
r 192 256 112 256 0 2200
t 224 208 256 208 0 1 -15.710542762976145 -0.000004770549473176455 100 default
w 176 320 192 320 0
w 192 320 224 320 0
d 192 256 192 288 2 default
d 192 288 192 320 2 default
r 224 320 224 272 0 100
g 160 192 160 208 0 0
209 160 128 160 192 0 0.00009999999999999999 15.991462482946247 0.001 1
r 160 128 112 128 0 0.12
w 160 128 224 128 0
r 288 256 352 256 0 100
w 400 272 400 304 0
w 400 304 400 320 0
w 400 192 400 128 0
w 400 192 400 240 0
w 288 240 288 256 0
w 352 256 368 256 0
f 368 256 400 256 32 4 0.9500000000000001
r 112 256 112 128 0 6800
g -176 112 -176 128 0 0
401 32 256 112 256 1 8\s15\s-15\s1000000\s4.244664565068387\s1.6657940267971205\s100000 0\s20\s10000000000 1\s0
207 224 -32 272 -32 4 VCC
207 112 128 64 128 4 VCC
207 224 0 272 0 4 VDD
r 224 -32 224 0 0 470
34 zener-12-5 1 1.7143528192810002e-7 0 2.0000000000000084 12 1
z 224 48 224 0 2 zener-12-5
g 224 48 224 64 0 0
r -128 320 32 320 0 1500
r 32 320 112 320 0 120000
w 32 320 32 272 0
w 112 320 112 256 0
w -128 240 32 240 0
w 448 128 480 128 0
w 544 320 448 320 0
r 592 128 592 192 0 1000
r 592 256 592 320 0 27000
w 528 224 448 480 0
174 592 256 560 208 1 50000 0.7574000000000001 Resistance
r -176 -48 0 -48 0 68000
401 -80 80 -16 80 1 8\s15\s-15\s1000000\s1.6272509827911306\s1.6657940267971205\s100000 0\s20\s10000000000 1\s0
r -96 128 -96 176 0 100000
r -96 48 -96 0 0 100000
w -80 96 -96 96 0
w -96 96 -96 48 0
w -96 96 -96 128 0
g -96 176 -96 192 0 0
207 -96 0 -96 -32 4 VDD
w -96 128 -64 128 0
r -64 128 0 128 0 18000
w 0 128 0 80 0
w 0 80 -16 80 0
w 0 80 0 -48 0
r 0 -48 0 -96 0 4700
207 0 -96 0 -128 4 VDD
w -128 64 -80 64 0
w -176 64 -176 -48 0
w -128 64 -176 64 0
w -128 64 -128 240 0
c -176 64 -176 112 0 1e-10 1.6657940267971205 0.001
p 112 320 176 320 3 0 0
409 48 496 -48 496 1 0.6 0 0.023100000000000002 2
R 48 512 80 512 0 0 40 4.7 0 0 0.5
w 448 480 320 480 0
w 560 224 544 224 0
w 544 224 528 224 0
w 544 320 592 320 0
w 544 128 592 128 0
207 0 464 0 432 4 VDD
g 0 528 0 544 0 0
w -48 416 -48 496 0
w -128 496 -128 320 0
w 48 416 48 480 0
r 192 480 48 480 0 10000
r 48 416 0 416 0 6800
w -48 496 -128 496 0
c 0 416 -48 416 0 4.7000000000000004e-8 0.1491655665381364 0.001
r 480 128 544 128 0 0.12
207 480 128 480 160 4 Vs\p
207 544 128 544 160 4 Vs-
g 480 704 480 720 0 0
207 480 640 480 608 4 VDD
w 432 672 432 592 0
w 528 656 528 592 0
w 528 688 528 752 0
g 432 752 432 768 0 0
r 432 592 528 592 0 330000
r 528 592 624 592 0 56000
207 624 592 656 592 4 Vs-
207 624 752 656 752 4 Vs\p
r 528 752 624 752 0 56000
r 432 752 528 752 0 330000
t 384 672 352 672 0 1 -11.895029273250215 0.10496961147267832 100 default
g 352 688 352 720 0 0
r 352 576 352 656 0 1000
w 320 480 192 480 0
r 384 672 432 672 0 100
t 352 448 320 448 0 -1 6.825957231719992 -3.601635132355341e-7 100 default
w 320 464 320 480 0
207 320 384 320 352 4 VDD
r 320 384 320 432 0 1000
r 352 448 352 384 0 10000
w 352 384 320 384 0
409 528 672 432 672 1 0.6 0 0.023100000000000002 2
w 352 576 352 448 0
o 7 16 0 12291 6.975855877448448 0.0001 0 4 87 0 86 0 95 0
o 83 8 0 12291 10.102173395250524 0.0001 1 3 84 0 54 0
o 2 2 0 4099 20 0.4 2 2 2 3
