$ 1 0.0000010000000000000002 5.459815003314424 40 5 50 5e-11
R 16 0 16 -32 0 0 40 16 0 0 0.5
g 176 320 176 336 0 0
l 400 128 448 128 2 0.00082 0.829277540263454 0
w 448 128 528 128 0
209 448 128 448 320 2 0.000009999999999999999 9.828586622695262 0.001 1
w 400 320 448 320 0
w 448 320 528 320 0
p 592 128 592 320 1 0 0
w 528 128 592 128 0
w 528 320 592 320 0
r 528 128 528 320 0 11
t 192 256 224 256 0 1 -15.865809051932223 0.06848490844862787 100 default
w 224 240 224 208 0
w 256 224 256 240 0
d 256 240 224 240 2 default
f 288 192 288 128 41 4 0.9500000000000001
r 224 208 224 128 0 10000
w 256 192 256 128 0
r 288 240 288 192 0 100
w 288 240 256 240 0
w 272 128 256 128 0
w 256 128 224 128 0
w 304 128 400 128 0
w 400 320 224 320 0
r 192 256 112 256 0 2200
t 224 208 256 208 0 1 -3.331236619885658e-7 -1.4583889651476056e-12 100 default
w 176 320 192 320 0
w 192 320 224 320 0
d 192 256 192 288 2 default
d 192 288 192 320 2 default
r 224 320 224 272 0 100
g 160 192 160 208 0 0
209 160 128 160 192 0 0.001 15.93429429524055 0.001 1
r 160 128 112 128 0 0.12
w 160 128 224 128 0
r 288 256 352 256 0 100
w 400 272 400 304 0
w 400 304 400 320 0
w 400 192 400 128 0
w 400 192 400 240 0
w 288 240 288 256 0
w 352 256 368 256 0
f 368 256 400 256 32 4 0.9500000000000001
r 112 256 112 128 0 4700
r -192 80 -192 128 0 1200
w -192 160 -192 176 0
w -192 192 -192 176 0
t -224 144 -192 144 0 -1 4.010736310828012 0.015910833150384107 100 default
r -224 208 -272 208 0 10000
w -192 176 -144 176 0
w -192 272 -224 272 0
g -192 272 -192 288 0 0
t -224 208 -192 208 0 1 -7.081409125480199 0.5634417482411949 100 default
d -224 208 -224 240 2 default
d -224 240 -224 272 2 default
r -192 272 -192 224 0 1200
g -144 256 -144 272 0 0
c -144 176 -144 256 2 1e-9 7.989019274657625 0.001
w -128 176 -144 176 0
401 32 256 112 256 1 8\s15\s-15\s1000000\s6.368257269881496\s7.989019274657625\s100000 0\s20\s10000000000 1\s0
183 -128 80 -80 80 0 0.5 4 8 12 0
207 16 0 64 0 4 VCC
207 112 128 64 128 4 VCC
r -224 144 -272 144 0 10000
w -272 208 -272 176 0
w -272 144 -272 176 0
w -272 176 -320 176 0
w -320 176 -320 16 0
w -320 16 -32 16 0
183 -80 80 -32 80 0 0.5 4 8 12 0
d -224 80 -224 112 2 default
d -224 112 -224 144 2 default
w -224 80 -192 80 0
207 16 32 64 32 4 VDD
r 16 0 16 32 0 1500
34 zener-12-5 1 1.7143528192810002e-7 0 2.0000000000000084 12 1
z 16 80 16 32 2 zener-12-5
g 16 80 16 96 0 0
207 -192 80 -192 48 4 VDD
w -32 80 -32 16 0
w -128 80 -128 176 0
w -128 176 32 176 0
r -32 272 32 272 0 1500
r 32 320 112 320 0 120000
w 32 320 32 272 0
w 112 320 112 256 0
172 -32 272 -48 304 0 7 6.447 7.8 4.5 0 0.5 Voltage
w 32 176 32 240 0
o 4 16 3 4099 20 1.6 0 3 2 3 7 0
o 57 1 0 4099 20 0.00625 1 4 57 3 43 0 43 3
o 0 1 3 12291 0.0001 0.6264779345718111 2 2 32 3
