$ 1 0.0000010000000000000002 5.459815003314424 40 5 50 5e-11
R -176 272 -176 240 0 0 40 36 0 0 0.5
g 176 320 176 336 0 0
l 400 128 448 128 2 0.00082 0.8378107030102168 0
w 560 128 640 128 0
209 448 128 448 320 2 0.000009999999999999999 9.721270771154641 0.001 1
w 400 320 448 320 0
w 560 320 640 320 0
p 704 128 704 320 1 0 0
w 640 128 704 128 0
w 640 320 704 320 0
r 640 128 640 320 0 11
t 192 256 224 256 0 1 0.5804751195483409 0.6354048400153656 100 default
w 224 240 224 208 0
w 256 224 256 240 0
d 256 240 224 240 2 default
f 288 192 288 128 41 4 0.9500000000000001
r 224 208 224 128 0 10000
w 256 192 256 128 0
r 288 240 288 192 0 100
w 288 240 256 240 0
w 272 128 256 128 0
w 256 128 224 128 0
w 304 128 400 128 0
w 400 320 224 320 0
r 192 256 112 256 0 2200
t 224 208 256 208 0 1 -35.50188162044196 -0.000010741612349207674 100 default
w 176 320 192 320 0
w 192 320 224 320 0
d 192 256 192 288 2 default
d 192 288 192 320 2 default
r 224 320 224 272 0 100
g 160 192 160 208 0 0
209 160 128 160 192 0 0.001 35.972298621222905 0.001 1
r 160 128 112 128 0 0.12
w 160 128 224 128 0
r 288 256 352 256 0 100
w 400 272 400 304 0
w 400 304 400 320 0
w 400 192 400 128 0
w 400 192 400 240 0
w 288 240 288 256 0
w 352 256 368 256 0
f 368 256 400 256 32 4 0.9500000000000001
r 112 256 112 128 0 4700
r -64 80 -64 128 0 1200
w -64 160 -64 176 0
w -64 192 -64 176 0
t -96 144 -64 144 0 -1 7.5910586428341515 -0.02939227603883765 100 default
r -96 208 -144 208 0 10000
w -64 176 -16 176 0
w -64 272 -96 272 0
g -64 272 -64 288 0 0
t -96 208 -64 208 0 1 -3.5018947059290815 0.5630329657290601 100 default
d -96 208 -96 240 2 default
d -96 240 -96 272 2 default
r -64 272 -64 224 0 1200
g -16 256 -16 272 0 0
c -16 176 -16 256 2 1e-9 4.409504542531944 0.001
w 0 176 -16 176 0
401 32 256 112 256 1 8\s15\s-15\s1000000\s4.9791199215183015\s4.409504542531944\s100000 0\s20\s10000000000 1\s0
183 0 80 48 80 0 0.5 4 8 12 0
207 -176 272 -128 272 4 VCC
207 112 128 64 128 4 VCC
r -96 144 -144 144 0 10000
w -144 208 -144 176 0
w -144 144 -144 176 0
w -144 176 -192 176 0
w -192 176 -192 16 0
w -192 16 96 16 0
183 48 80 96 80 0 0.5 4 8 12 0
d -96 80 -96 112 2 default
d -96 112 -96 144 2 default
w -96 80 -64 80 0
207 -176 304 -128 304 4 VDD
r -176 272 -176 304 0 1500
34 zener-12-5 1 1.7143528192810002e-7 0 2.0000000000000084 12 1
z -176 352 -176 304 2 zener-12-5
g -176 352 -176 368 0 0
207 -64 80 -64 48 4 VDD
w 96 80 96 16 0
w 0 80 0 176 0
w 0 176 32 176 0
r -32 320 32 320 0 1500
r 32 320 112 320 0 120000
w 32 320 32 272 0
w 112 320 112 256 0
w 32 176 32 240 0
a 48 432 -32 432 8 15 -15 1000000 6.008955242539898 6.009004142992167 100000
r 16 496 64 496 0 100000
r 64 496 112 496 0 100000
g 16 496 16 512 0 0
w 64 496 64 448 0
w 64 448 48 448 0
c 64 496 64 544 0 1e-7 6.009004142992167 0.001
g 64 544 64 560 0 0
r -32 384 48 384 0 680000
r 48 416 112 416 0 680000
r 48 384 112 384 0 680000
w 48 416 48 384 0
w -32 384 -32 432 0
w -32 384 -32 320 0
w 448 128 560 128 0
w 560 320 448 320 0
r 560 128 560 192 0 33000
r 560 256 560 320 0 33000
w 528 224 432 384 0
w 432 384 112 384 0
172 112 416 144 416 0 7 8.28 12 0 0 0.5 Voltage
207 112 496 112 464 4 VDD
174 560 256 528 208 0 5000 0.45050000000000007 Resistance
o 4 16 3 4099 40 3.2 0 3 2 3 7 0
o 57 1 0 4099 40 0.0125 1 4 57 3 43 0 43 3
o 0 1 3 12291 0.0001 0.8002502400777303 2 2 32 3
