$ 1 0.000005 0.04924642876754098 51 5 50 5e-11
d 176 96 208 128 2 default
d 208 128 176 160 2 default
d 176 96 144 128 2 default
d 144 128 176 160 2 default
409 288 112 400 112 1 0.6 -10.64940659911272 0.0231 0
w 288 96 272 96 0
w 272 96 272 48 0
w 272 32 416 32 0
w 416 48 416 112 0
w 416 112 400 112 0
c 240 128 240 192 0 1e-7 -3.7089163432115106 0.001
w 208 128 240 128 0
w 240 128 288 128 0
w 272 48 272 32 0
w 416 48 416 32 0
i 176 32 176 96 0 0.005
i 176 160 176 240 0 0.005
409 448 128 560 128 1 0.6 -29.958100002698437 0.0231 0
w 416 112 448 112 0
207 176 240 176 272 4 VEE
207 176 32 176 0 4 VCC
v 240 336 240 288 0 0 40 15 0 0 0.5
v 240 432 240 336 0 0 40 15 0 0 0.5
207 240 288 240 256 4 VCC
207 240 432 240 464 4 VEE
w 560 128 560 -64 0
w 560 -64 80 -64 0
w 80 -64 80 128 0
w 80 128 144 128 0
g 304 336 304 352 0 0
w 240 336 304 336 0
207 336 80 336 48 4 VCC
207 496 96 496 64 4 VCC
207 336 144 336 176 4 VEE
207 496 160 496 192 4 VEE
w 448 160 448 224 0
w 560 128 560 208 0
r 560 224 448 224 0 10000
w 448 160 448 144 0
w 560 208 560 224 0
r 448 224 448 304 0 22000
g 448 304 448 320 0 0
g 240 192 240 208 0 0
p 416 32 464 0 3 0 0
g 464 0 464 16 0 0
p 560 128 656 128 3 0 0
g 656 128 656 144 0 0
