$ 1 0.0000049999999999999996 3.1763992386181834 56 5 50 5e-11
R 0 224 -48 224 0 1 60 18 0 0 0.5
r 64 224 0 224 0 20000
p 96 208 128 288 3 0 0
R 96 128 96 80 0 0 40 12 0 0 0.5
r 96 128 96 208 0 4700
w 96 208 144 208 0
g 384 384 384 400 0 0
c 256 256 272 256 0 1.0000000000000001e-7 5.473998006432492 0.001
w 272 256 288 256 0
w 288 256 320 256 0
p 592 208 592 112 3 0 0
t 640 208 672 208 0 -1 11.999999980156002 -1.209999922480165e-8 100 default
r 592 208 640 208 0 1000
206 720 224 688 288 0 0.01 0.0082 100 false
R 672 192 672 144 0 0 40 12 0 0 0.5
r 672 224 672 288 0 220.00000000000003
R 720 128 720 96 0 1 60 18 0 0 0.5
181 720 128 720 224 0 320.2862714030715 100 120 0.4 0.4
g 720 288 720 320 0 0
t 64 224 96 224 0 1 0.5794549121067909 0.6288066254086605 100 default
w 96 240 96 272 0
g 96 272 96 288 0 0
d 0 272 0 224 2 default
r 0 272 96 272 0 12000
p 64 224 48 128 3 0 0
w 688 288 672 288 0
d 320 256 384 256 2 default
w 384 256 384 208 0
w 256 256 208 256 0
w 208 256 208 208 0
w 208 208 208 128 0
183 208 128 272 128 0 0.5 4 8 12 0
c 272 128 288 128 0 1.0000000000000001e-7 -6.5260019935674975 0.001
w 288 128 320 128 0
d 320 128 384 128 2 default
w 384 208 384 128 0
183 384 208 448 208 0 0.5 4 8 12 0
c 448 208 464 208 0 1e-8 1.9528190782810024 0.001
r 528 256 528 208 0 100000
w 464 208 496 208 0
w 496 208 528 208 0
p 384 128 416 80 3 0 0
183 144 208 208 208 0 0.5 4 8 12 0
t 416 288 384 288 0 1 -3.074329438315745 0.5789093041769511 100 default
w 384 272 384 256 0
r 384 304 384 384 0 4700
183 528 208 592 208 0 0.5 4 8 12 0
p 448 208 416 256 3 0 0
g 528 256 528 272 0 0
209 544 336 544 416 0 0.000009999999999999999 6.774620407125662 0.001 1
g 544 416 544 432 0 0
d 288 192 288 256 2 default
d 288 192 288 128 2 default
g 320 192 320 208 0 0
w 320 192 288 192 0
w 432 384 384 384 0
w 432 288 416 288 0
r 496 352 496 432 0 100000
t 544 336 496 336 0 1 -5.225379592874338 0.6248932465094441 100 default
g 496 432 496 448 0 0
R 496 320 496 272 0 0 40 12 0 0 0.5
183 576 336 640 336 0 0.5 4 8 12 0
r 624 288 560 288 0 10000
w 560 288 560 336 0
w 560 336 544 336 0
w 560 336 576 336 0
w 640 336 640 288 0
w 640 288 624 288 0
r 496 352 432 288 0 1000
r 432 288 432 384 0 1000
o 41 32 0 12290 13.829455580625885 0.0001 0 5 47 0 0 3 17 3 45 3
o 17 32 0 4099 20 0.00625 1 2 0 0
o 45 256 0 x83013 3.615318954418142 0.002991668495774231 2 3 1.25 -93 69 0 1.25 0 45 3 0.0007479171239436 -125
