$ 1 0.000005 9.001713130052181 50 5 50 5e-11
R 32 160 32 208 0 1 60 18 0 0 0.5
r 64 160 32 160 0 120000
r 64 80 64 160 0 39000
R 64 80 64 32 0 0 40 12 0 0 0.5
401 256 160 336 160 1 8\s15\s-15\s1000000\s3.493493601319327\s5.180013920042189\s100000 0\s20\s10000000000 1\s0
209 224 208 176 224 0 0.000001 3.493493601319327 0.001 1
r 224 208 224 144 0 100000
w 224 144 256 144 0
w 256 176 256 208 0
w 256 208 224 208 0
p 256 208 256 256 3 0 0
g 176 224 176 240 0 0
g 64 320 64 336 0 0
p 336 160 288 208 3 0 0
R 336 80 336 32 0 0 40 12 0 0 0.5
r 336 80 336 160 0 4700
r 64 160 64 240 0 27000
g 64 240 64 272 0 0
t 64 160 112 160 0 1 -1.105759667973067 0.6071590946620811 100 default
r 112 176 112 256 0 2200
g 112 256 112 288 0 0
r 112 64 112 144 0 2200
R 112 64 112 32 0 0 40 12 0 0 0.5
p 112 144 160 48 3 0 0
p 112 176 64 320 3 0 0
c 112 144 160 144 0 0.000001 1.675115951339051 0.001
174 160 160 160 192 0 10000 0.9950000000000001 Resistance
w 176 176 192 176 0
w 192 176 192 144 0
w 192 144 224 144 0
w 112 176 128 176 0
w 128 176 128 192 0
p 192 144 192 96 3 0 0
w 128 192 160 192 0
w 160 160 160 144 0
w 160 144 192 144 0
w 336 160 384 160 0
r 448 160 448 240 0 100000
g 448 240 448 256 0 0
c 384 160 400 160 0 1e-8 0.03878211701820115 0.001
w 400 160 416 160 0
w 416 160 448 160 0
d 416 224 416 160 2 1N5711
w 448 240 416 224 0
183 448 160 544 160 0 0.5 4 8 12 0
p 416 160 432 80 3 0 0
p 544 160 496 80 3 0 0
t 592 144 624 144 0 -1 11.999999980156002 -1.209999922480165e-8 100 default
r 544 160 592 144 0 1000
206 672 160 640 224 0 0.01 0.0082 100 true
R 624 128 624 80 0 0 40 12 0 0 0.5
r 624 160 640 224 0 220
R 688 64 688 16 0 1 60 18 0 0 0.5
181 688 64 672 160 0 346.489366531163 100 120 0.4 0.4
g 672 224 672 256 0 0
o 23 32 0 12290 10.48572268553071 0.0001 0 4 24 0 0 3 32 0
o 10 32 0 4098 40 0.1 1 5 13 0 0 0 0 3 32 0
o 45 32 0 4098 20 0.1 2 4 46 0 53 0 53 3
