$ 1 0.0000049999999999999996 382.76258214399064 56 5 50 5e-11
R 0 224 -48 224 0 1 60 170 0 0 0.5
r 64 224 0 224 0 20000
p 96 208 128 288 3 0 0
r 96 128 96 208 0 4700
w 96 208 144 208 0
g 384 384 384 400 0 0
c 256 256 272 256 0 1.0000000000000001e-7 3.0836235547222373 0.001
w 272 256 288 256 0
w 288 256 320 256 0
p 592 208 592 112 3 0 0
t 640 208 672 208 0 -1 11.999999980443146 0.8262781101220025 100 default
r 592 208 640 208 0 1000
206 720 224 688 288 0 0.01 0.0082 100 false
r 672 224 672 288 0 220.00000000000003
R 720 128 720 96 0 1 60 170 0 0 0.5
181 720 128 720 224 0 1832.779592717145 100 120 0.4 0.4
g 720 288 720 320 0 0
t 64 224 96 224 0 1 0.6208114591321314 0.648292245127525 100 default
w 96 240 96 272 0
g 96 272 96 288 0 0
d 0 272 0 224 2 default
r 0 272 96 272 0 12000
p 64 224 48 128 3 0 0
d 320 256 384 256 2 default
w 384 256 384 208 0
w 256 256 208 256 0
w 208 256 208 208 0
w 208 208 208 128 0
183 208 128 272 128 0 0.5 4 8 12 0
c 272 128 288 128 0 1.0000000000000001e-7 -8.916376445272688 0.001
w 288 128 320 128 0
d 320 128 384 128 2 default
w 384 208 384 128 0
183 384 208 448 208 0 0.5 4 8 12 0
c 448 208 464 208 0 1e-8 1.9151436109225322 0.001
r 528 256 528 208 0 47000
w 464 208 496 208 0
w 496 208 528 208 0
p 384 128 416 80 3 0 0
183 144 208 208 208 0 0.5 4 8 12 0
t 416 288 384 288 0 1 -7.412634036946059 0.579536528171275 100 default
w 384 272 384 256 0
r 384 336 384 384 0 1000
183 528 208 592 208 0 0.5 4 8 12 0
p 448 208 416 256 3 0 0
g 528 256 528 272 0 0
209 544 304 544 384 0 0.000009999999999999999 6.840888598755546 0.001 1
g 544 384 544 400 0 0
d 288 192 288 256 2 default
d 288 192 288 128 2 default
g 320 192 320 208 0 0
w 320 192 288 192 0
w 416 384 384 384 0
r 496 320 496 400 0 100000
t 544 304 496 304 0 1 -4.3328332790131885 0.5900656127633095 100 default
g 496 400 496 416 0 0
183 576 304 640 304 0 0.5 4 8 12 0
r 624 256 560 256 0 100000
w 560 256 560 304 0
w 560 304 544 304 0
w 560 304 576 304 0
w 640 304 640 256 0
w 640 256 624 256 0
370 384 304 384 336 1 0 0
370 672 288 688 288 1 0 0
R 32 352 32 320 0 1 60 170 0 0 0.5
34 zener-12 1 1.7143528192810002e-7 0 2.0000000000000084 12 1
z 32 480 32 416 2 zener-12
r 32 352 32 416 0 6800
g 32 480 32 496 0 0
d 32 416 96 416 2 default
209 96 416 96 480 0 0.00009999999999999999 11.173721877768735 0.001 1
w 96 480 32 480 0
207 96 416 128 384 4 VDD
207 96 128 96 96 4 VDD
207 672 192 672 160 4 VDD
207 496 288 496 256 4 VDD
r 448 288 448 384 0 1500
w 448 384 416 384 0
w 448 288 416 288 0
r 496 320 448 288 0 6800
o 38 32 0 12290 12 0.0001 0 5 44 0 0 3 15 3 42 3
o 15 32 0 4099 320 0.00625 1 2 0 0
o 42 256 0 12291 0.5430255394925368 0.0005430255394925368 2 2 42 3
